000000110000000000000000000000000000000000000000000000000000000000001011000000000
0000000011000000011010111111100101111111111111111001011011001000000000000000110011
000000110000000000000000000000000000000000000000000000000000000000101100000000000
0000001000000100010011001111100101000111111111111001011011001000000000000001110011
000000110000000000000000000000000000000000000000000000000000000000001101000000000
0000000100000001101111111111100101011100000011111000000000000000000000001001010000
0000000110000001000000101111100101011100000011111001011011000111111111111010000011
0000011000000000011000001111100111111111111111111001011011001000000000000001000011
000001110000000000000000000000000000000000000000000000000000000000101011000000000
0000011010001000000010111111100111001011111111111001011011001000000000000001100011
000001110000000000000000000000000000000000000000000000010100001111101100000000000
0000010010000001100000001111100101111111111111111001011011001000000000000010000011
0000100011110000000011110111000101111111111111111001011011001000000000000010010011
0000100100000001110111111111110000111111111111111001011011001000000000000010000011
0000100100000000000111111111101110111111111111111001011011001000000000000001110011
000011110000000000000000000000000000000000000000000000000000000000101011000000000
0000111010001001110010111111100101111111111111111001011011001000000000000010000011
000011110000000000000000000000000000000000000000000011011000000000001100000000000
0000110110010000000011001111100101111111111111111001011011001000000000000010100011
0000110100000010001111111111100011111111111111111001011011001000000000000001100011
000100110000000000000000000000000000000000000000000000000000000000101011000000000
0001001000000100000010111111100101111111111111111001011011001000000000000010010011
0001000110000000000000101111100101001100001111111001011011001000000000000010110011
0001000100000001111111111111101111111111111111111001011011001000000000000001110011
000101110000000000000000000000000000000000000000000000000000000011001011000000000
0001010110010000000010111111100111111111111111111001011011001000000000000010100011
000101110000000000000000000000000000000000101101100100000000000000001100000000000
0001010110000001100000001111100101111111111111111001011011001000000000000011000011
0001101110000000000111111111100101111111111111111001011011001000000000000011010011
000110110000000000000000000000000000000000000000000001101100000000001011000000000
0001100110010010000010111111100110111111111111111001011011001000000000000010110011
0001100100000010000111111111101111111111111111111001011011001000000000000010010011
0001111110000100000000111111111111111111111111111001011011001000000000000011100011
0001110100000010000111111111110000111111111111111001011011001000000000000001000011
001000110000000000000000000000000000000000000000000000010010000000001011000000000
0010000110011000010010111111101000011111111111111001011011001000000000000000100011
0010011000001000010111111111101000111111111111111001011011001000000000000000110011
001001110000000000000000000000000000000000000000000000000000000000001011000000000
0010010100000001011111111111100111001010000011111000000000000000000000001000010000
001001110000000000000000000000000000000000000000000000000000000000101100000000000
0010010110000001000011001111100111001010000011111001011011000111111111111001000011
001010110000000000000000000000000000000000000000000000000000000000001011000000000
0010100011000000000010111111100111111111111111111001011011001000000000000000100011
001100110000000000000000000000000000000000000000000000000000000001001011000000000
0011000110000000001010111111100101111111111111111001011011001000000000000011000011
001101110000000000000000000000000000000000000000000000000000000011001011000000000
0011010110010010001010111111100101111111111111111001011011001000000000000010110011
001101110000000000000000000000000000000000101101100100000000000000001100000000000
0011010110000001100000001111100101111111111111111001011011001000000000000011010011
0011100110000000001000001111100101001100111011111001011011001000000000000011000011
0011101110000000000111111111100101111111111111111001011011001000000000000011100011
001110110000000000000000000000000000000000000000000000000000000010001011000000000
0011100110000001110010111111100110111111111111111001011011001000000000000011010011
001111110000000000000000000000000000000010110110010000000000000000001011000000000
0011110110000001011000001111101000111111111111111001011011001000000000000011010011
0011111110000100000000111111111111111111111111111001011011001000000000000011110011
001111110000000000000000000000000000000000000000000000000000000010001100000000000
0011110110000001111011001111100110111111111111111001011011001000000000000011100011
010110110000000000000000000000000000000000000000000000000000000001001011000000000
0101100110000000001010111111100101111111111111111001011011001000000000000011010011
010110110000000000000000000000000000000000101101100100000000000000001100000000000
0101100110000001100000011111100110111111111111111001011011001000000000000011100011
010111110000000000000000000000000000000010110110010000000000000000001011000000000
0101110110000001011000001111101000111111111111111001011011001000000000000011100011
010111110000000000000000000000000000000010110110010000000000000000001100000000000
0101110110000001100000011111100110111111111111111001011011001000000000000011110011
0111101110000000001111111111100101111111111111111001011011001000000000000011110011
0111111110000100000000011111111111111111111111111001011011001000000000000100000011
