000000110000000000000000000000000000000000000000000000100100000000001011000000000
0000000110011000011010111111100101100001111111111101101100100000000000000000100010
000001110000000000000000000000000000000000000000000000000000000000001011000000000
0000010011000000000010111111100101111111111111111101101100100000000000000000110010
0000010100000010001111111111101111111111111111111101101100100000000000000001000010
0000101000000000011000001111100101111111111111111101101100100000000000000001000010
000011110000000000000000000000000000000000000000000000000000000000001011000000000
0000110100000001011111111111100101100000000011111000000000000000000000001001010000
0000110110000001000000001111100101100000000011111101101100011111111111111001110010
000100110000000000000000000000000000000000000000000000000000000000101011000000000
0001001010000100000010111111100101111111111111111101101100100000000000000001100010
000101110000000000000000000000000000000000000000000000100100000000001011000000000
0001010110010000000010111111100110011101111111111101101100100000000000000001110010
000101110000000000000000000000000000000000000000000000000000000010001100000000000
0001010110000001111011001111100110111111111111111101101100100000000000000010100010
000110110000000000000000000000000000000000000000000000000000000001001011000000000
0001100110010000010010111111100110000111111111111101101100100000000000000010000010
0001100100000001110111111111100110111111111111111101101100100000000000000010110010
000111110000000000000000000000000000000000000000000000000000000000101011000000000
0001111010000110000010111111100111111111111111111101101100100000000000000001110010
001000110000000000000000000000000000000000000000000000000000000000001011000000000
0010000100000001011111111111101000001010000011111000000000000000000000001000010000
001000110000000000000000000000000000000000000000000000000000000000101100000000000
0010000110000001000011001111101000001010000011111101101100011111111111111000110010
001001110000000000000000000000000000000000000000000000000000000000001011000000000
0010010011000000000010111111100101111111111111111101101100100000000000000000100010
0010101000001000000111111111101000111111111111111101101100100000000000000000110010
001100110000000000000000000000000000000000000000000000000000000000101011000000000
0011001000000010001010111111100110111111111111111101101100100000000000000001110010
001101110000000000000000000000000000000011101111001101000000000000001011000000000
0011010110000001011000011111100101111111111111111101101100100000000000000010000010
001101110000000000000000000000000000000000101101100100000000000000001100000000000
0011010110000001100000011111100101111111111111111101101100100000000000000010110010
0011100110000000000000011111100101111111111111111101101100100000000000000010010010
001110110000000000000000000000000000000101001010010101000000000000001011000000000
0011100011110000001000000101100101111111111111111101101100100000000000000011000010
0011111110000000000111111111100110111111111111111101101100100000000000000010100010
0011111110000100011000001111111111111111111111111101101100100000000000000011010010
010100110000000000000000000000000000000000000000000000000000000000001011000000000
0101000011000000001010111111100101111111111111111101101100100000000000000010000010
0101011000001100011000001111100101000111111111111101101100100000000000000010010010
0101010100000001110111111111100101111111111111111101101100100000000000000010100010
0101100110000000011000001111100101111111111111111101101100100000000000000010110010
010110110000000000000000000000000000000101001010010101000000000000001011000000000
0101100011110000000000110101100101111111111111111101101100100000000000000010100010
0101111110000100001000001111111111111111111111111101101100100000000000000010110010
0101111110000000000111111111101000111111111111111101101100100000000000000011000010
011100110000000000000000000000000000000000000000000000000000000000101011000000000
0111001000000010000010111111100101111111111111111101101100100000000000000001110010
011101110000000000000000000000000000000000000000000000000000000000001011000000000
0111010011000000000010111111101000111111111111111101101100100000000000000010000010
0111010100000001111111111111100101111111111111111101101100100000000000000010010010
011110110000000000000000000000000000000000101101100100000000000000001011000000000
0111100110000001011000111111101000111111111111111101101100100000000000000010010010
011110110000000000000000000000000000000100000101111111000000000000001100000000000
0111100110000001100000001111101000111111111111111101101100100000000000000010100010
100101110000000000000000000000000000000000000000000000000000000011001011000000000
1001010110010010000010111111100101111111111111111101101100100000000000000001110010
1001100110000000011000001111101000001010111011111101101100100000000000000010000010
100111110000000000000000000000000000000000000000000000000000000001001011000000000
1001110110000000000010111111100110111111111111111101101100100000000000000010010010
101110110000000000000000000000000000000000000000000011011000000000001011000000000
1011100110010010001010111111101000111111111111111101101100100000000000000001110010
101111110000000000000000000000000000000000101101100100000000000000001011000000000
1011110110000001011000011111100110111111111111111101101100100000000000000010100010
110101110000000000000000000000000000000011111010100110000000000000001011000000000
1101010110000001011011111111100101111111111111111101101100100000000000000010010010
1101100110000000000011101111100110111111111111111101101100100000000000000010100010
110111110000000000000000000000000000000101001010010101000000000000001011000000000
1101110011110001110000010101100110111111111111111101101100100000000000000010110010
1111101110000000001111111111100101111111111111111101101100100000000000000010110010
1111111110000100000000011111111111111111111111111101101100100000000000000011000010
