0000000100000000011111111111100011111111111111111101101100100000000000000010100001
0000010100000010000111111111110100111111111111111101101100100000000000000001110001
000010110000000000000000000000000000000000000000000000000000000000101011000000000
0000101010000101111010111111100101111111111111111101101100100000000000000010110001
000011110000000000000000000000000000000000000000000000100100000000001011000000000
0000110110010000000010111111100101111111111111111101101100100000000000000011000001
0001000110000000011000001111100101111111111111111101101100100000000000000011010001
0001010110000000000000111111100101111111111111111101101100100000000000000011100001
000110110000000000000000000000000000000101001010010101000000000000001011000000000
0001100011110000011000000101100101111111111111111101101100100000000000000011110001
0001111110000100011000001111111111111111111111111101101100100000000000000100000001
0010000100000010101111111111101000111111111111111101101100100000000000000010010001
001001110000000000000000000000000000000000000000000000000000000000001011000000000
0010010011110010001000110101100101100111111111111101101100100000000000000010010001
0010101000001000000111111111100101111111111111111101101100100000000000000010100001
0010111000000000000000111111100101100101111111111101101100100000000000000010110001
001100110000000000000000000000000000000011101111001101000000000000001011000000000
001100110000000000000000000000000000000011111010100110000000000000001100000000000
0011000011110000000011000101101000111111111111111101101100100000000000000011000001
001101110000000000000000000000000000000000000000000000000000000001001011000000000
0011010110010000011010111111101000111111111111111101101100100000000000000011010001
0011101000000100011100101111101000111111111111111101101100100000000000000011100001
0011111110000000011111111111101000111111111111111101101100100000000000000011110001
010000110000000000000000000000000000000000000000000000000000000000101011000000000
0100001000000010000010111111100101111111111111111101101100100000000000000001110001
010001110000000000000000000000000000000000000000000000000000000000001011000000000
0100010011000000000010111111101000001011111111111101101100100000000000000010000001
010010110000000000000000000000000000000000000000000000000000000000101011000000000
0100100011110000011010110000000101111111111111111101101100100000000000000010010001
0100111000001000000111111111101000111111111111111101101100100000000000000010100001
0101000100000000011111111111101111111111111111111101101100100000000000000001010001
010101110000000000000000000000000000000000000000000000000000000000101011000000000
0101011010000101110010111111101000111111111111111101101100100000000000000011000001
0101100100000010011111111111101000111111111111111101101100100000000000000011010001
010111110000000000000000000000000000000000000000000000000000000000001011000000000
0101110110000001011000111111101000111111111111111101101100100000000000000011100001
011000110000000000000000000000000000000000000000000000000000000000101011000000000
0110001000000000011010111111100101111111111111111101101100100000000000000001100001
011001110000000000000000000000000000000000000000000000000000000000001011000000000
0110010011000000000010111111100101100001111111111101101100100000000000000001110001
011010110000000000000000000000000000000000000000000000000000000000101011000000000
0110101000001100000010111111101000111111111111111101101100100000000000000010000001
0110110100000000011111111111100101111111111111111101101100100000000000000000110001
0111000100000000000111111111101000111111111111111101101100100000000000000001000001
0111010100000000011111111111110001111111111111111101101100100000000000000011000001
011110110000000000000000000000000000000000000000000000000000000001001011000000000
0111100110010001110010111111100101111111111111111101101100100000000000000011000001
0111110110000000011000001111101000111111111111111101101100100000000000000011010001
100000110000000000000000000000000000000000000000000000000000000000001011000000000
1000000100000001011111111111101000001100000011111000000000000000000000001001010000
1000000110000001000000101111101000001100000011111101101100011111111111111001100001
1000011000000000011000101111100111111111111111111101101100100000000000000001000001
100010110000000000000000000000000000000000000000000000000000000000001011000000000
1000100011000000010010111111100111111111111111111101101100100000000000000000110001
100011110000000000000000000000000000000000000000000000100100000000001011000000000
1000110110011000011010111111100111010001111111111101101100100000000000000000100001
1001010100000010100111111111101000111111111111111101101100100000000000000010110001
1001100100000001111111111111100101111111111111111101101100100000000000000010110001
100111110000000000000000000000000000000000000000000001001000000000001011000000000
1001110110010000000010111111101000111111111111111101101100100000000000000011000001
1010000100000000001111111111100110111111111111111101101100100000000000000001100001
1010011000001000010111111111101000111111111111111101101100100000000000000000110001
101010110000000000000000000000000000000000000000000000000000000000001011000000000
1010100011000000010010111111100111111111111111111101101100100000000000000000100001
101011110000000000000000000000000000000000000000000000000000000000001011000000000
1010110100000001011111111111101000001110000011111000000000000000000000001000010000
101011110000000000000000000000000000000000000000000000000000000000101100000000000
1010110110000001000011001111101000001110000011111101101100011111111111111000100001
1100000100000000001111111111100101111111111111111101101100100000000000000001110001
1100010100000000000111111111100101111111111111111101101100100000000000000010000001
1100100100000000000111111111101110111111111111111101101100100000000000000010010001
