0000000100000010010111111111101110111111111111111101101100100000000000000001010011
0000000100000001111111111111101110111111111111111101101100100000000000000010010011
000001110000000000000000000000000000000000000000000000000000000000001011000000000
0000010100000001011111111111100101001100000011111000000000000000000000001000010000
000001110000000000000000000000000000000000000000000000000000000000101100000000000
0000010110000001000011001111100101001100000011111101101100011111111111111001000011
000010110000000000000000000000000000000000000000000000100100000000001011000000000
0000100110011000000010111111100101100011111111111101101100100000000000000000100011
000011110000000000000000000000000000000000000000000000000000000000001011000000000
0000110011000000000010111111100110111111111111111101101100100000000000000000110011
000011110000000000000000000000000000000000000000000000000000000000101100000000000
0000111000000010000011001111100101111111111111111101101100100000000000000001110011
000100110000000000000000000000000000000000000000000000000000000000001011000000000
0001000011000000000010111111100101111111111111111101101100100000000000000010000011
000101110000000000000000000000000000000000000000000000000000000000101011000000000
0001011000000001111010111111100101111111111111111101101100100000000000000001110011
000101110000000000000000000000000000000000000000000000000000000000001100000000000
0001010011110000000000100110000101000111111111111101101100100000000000000010010011
000110110000000000000000000000000000000000000000000000000000000000001011000000000
0001100011000000000010111111100111111111111111111101101100100000000000000010000011
000110110000000000000000000000000000000101001010010101000000000000001100000000000
0001100011110000000000100110000101111111111111111101101100100000000000000010100011
000111110000000000000000000000000000000000000000000000000000000011001011000000000
0001110110010001111010111111100110111111111111111101101100100000000000000001110011
000111110000000000000000000000000000000000101101100100000000000000001100000000000
0001110110000001100000111111100111111111111111111101101100100000000000000010010011
0001111110000100011000001111111111111111111111111101101100100000000000000010110011
001001110000000000000000000000000000000000000000000000000000000000001011000000000
0010010011000000001010111111100101111111111111111101101100100000000000000000100011
0010101000001000000111111111100101111111111111111101101100100000000000000000110011
0010111000000000000000011111100101111111111111111101101100100000000000000001000011
001100110000000000000000000000000000000000000000000000000000000000101011000000000
0011001010000101111010111111100101111111111111111101101100100000000000000001110011
0011000110000000011000101111100101111111111111111101101100100000000000000010010011
001100110000000000000000000000000000000000000000000000000000000000001100000000000
0011000100000001100111111111100101011110000011111000000000000000000000001001010000
0011000110000001000000001111100101011110000011111101101100011111111111111010000011
001101110000000000000000000000000000000000000000000000000000000000101011000000000
0011011010000100000010111111100110111111111111111101101100100000000000000001100011
001101110000000000000000000000000000000000000000000000000000000001001100000000000
0011010110010000000011001111100101001110011010000101101100100000000000000010000011
0011011110000000000111111111100101111111111111111101101100100000000000000010100011
0011100110000000011000001111100101111111111111111101101100100000000000000010010011
001110110000000000000000000000000000000000000000000011011000000000001011000000000
0011100110010010000010111111100101111111111111111101101100100000000000000001110011
0011100110000000011000001111100101111111111111111101101100100000000000000010110011
0011111110000000000111111111101000111111111111111101101100100000000000000010100011
0011110110000000000000011111101000000111111111111101101100100000000000000010000011
001111110000000000000000000000000000000000000000000000000000000000101011000000000
0011111010000100000010111111100110111111111111111101101100100000000000000011000011
010100110000000000000000000000000000000011111010100110000000000000001011000000000
0101000110000001011000101111101000111111111111111101101100100000000000000010000011
010100110000000000000000000000000000000000000000000000000000000001001100000000000
0101000110000001110011001111100101111111111111111101101100100000000000000010100011
010101110000000000000000000000000000000000000000000000100100000000001011000000000
0101010110010000001010111111100101001110011001110101101100100000000000000001110011
0101010110000000011000011111100101111111111111111101101100100000000000000010010011
010101110000000000000000000000000000000000101101100100000000000000001100000000000
0101010110000001100000001111100101111111111111111101101100100000000000000010110011
010110110000000000000000000000000000000011101111001101000000000000001011000000000
0101100110000001011000001111101000111111111111111101101100100000000000000010000011
0101101110000000000111111111101000111111111111111101101100100000000000000010100011
010110110000000000000000000000000000000101001010010101000000000000001100000000000
0101100011110001110000000110000101111111111111111101101100100000000000000011000011
0101111110000100001000001111111111111111111111111101101100100000000000000011010011
0110110100000001110111111111100101111111111111111101101100100000000000000010100011
011100110000000000000000000000000000000000000000000000000000000010001011000000000
0111000110000000000010111111100101111111111111111101101100100000000000000010110011
011101110000000000000000000000000000000100000101111111000000000000001011000000000
0111010110000001011000011111101000111111111111111101101100100000000000000010000011
011101110000000000000000000000000000000000101101100100000000000000001100000000000
0111010110000001100000001111100101111111111111111101101100100000000000000011000011
011110110000000000000000000000000000000100010001011000000000000000001011000000000
0111100110000001011011111111100110111111111111111101101100100000000000000010110011
011110110000000000000000000000000000000101001010010101000000000000001100000000000
0111100011110000010000000110000101111111111111111101101100100000000000000011010011
0111111110000100011000001111111111111111111111111101101100100000000000000011100011
0111110100000001110111111111100111111111111111111101101100100000000000000011000011
1001100110000000001100011111100101111111111111111101101100100000000000000011000011
1001111110000000000111111111101000111111111111111101101100100000000000000011010011
