000000110000000000000000000000000000000000000000000000000000000000101011000000000
0000001000000000011010111111100101111111111111111001011011001000000000000001100001
000001110000000000000000000000000000000000000000000000000000000000001011000000000
0000010011000000000010111111100101100001111111111001011011001000000000000001110001
000010110000000000000000000000000000000101010101101110000000000001001011000000000
000010110000000000000000000000000000000101100001000111000000000001001100000000000
0000100011110000000010110110000101111111111111111001011011001000000000000010000001
0000110110000000000000111111100101111111111111111001011011001000000000000010010001
0001001110000000000111111111100101000111111111111001011011001000000000000010100001
000101110000000000000000000000000000000000000000000000000111111111101011000000000
0001010010100000000010111111100101111111111111111001011011001000000000000010110001
000110110000000000000000000000000000000000000000000000000111111111101011000000000
0001100011110000000011100101100101111111111111111001011011001000000000000011000001
0001111110000100000000111111111111111111111111111001011011001000000000000011010001
0010000100000000011111111111101000011101111111111001011011001000000000000001010001
001001110000000000000000000000000000000000000000000000010010000000001011000000000
0010010110010000011010111111100101111111111111111001011011001000000000000001100001
0010100110000000000011111111100101111111111111111001011011001000000000000001110001
001011110000000000000000000000000000000000000000000000000000000001001011000000000
0010110110010000000010111111101000111111111111111001011011001000000000000010000001
0011000100000010001111111111101111111111111111111001011011001000000000000010010001
0011010100000001111111111111110001111111111111111001011011001000000000000001110001
001110110000000000000000000000000000000101101100100000000000000001001011000000000
001110110000000000000000000000000000000101110010001100100000000001001100000000000
0011100011110010000010110110000101111111111111111001011011001000000000000010110001
0011110110000000000000111111101000111111111111111001011011001000000000000011000001
0100000100000010011111111111101000111111111111111001011011001000000000000001000001
010001110000000000000000000000000000000000000000000000000000000000001011000000000
0100010100000001011111111111101000101000000011111000000000000000000000001001010000
0100010110000001000000101111101000101000000011111001011011000111111111111001100001
0100101000000000011000101111100111111111111111111001011011001000000000000001000001
010011110000000000000000000000000000000000000000000000000000000000001011000000000
0100110011000000010010111111100111111111111111111001011011001000000000000000110001
010100110000000000000000000000000000000000000000000000010010000000001011000000000
0101000110011000011010111111100111100101111111111001011011001000000000000000100001
010101110000000000000000000000000000000000000000000000001001000000001011000000000
0101010110010010100010111111100101111111111111111001011011001000000000000010010001
0101100110000000000000111111100101111111111111111001011011001000000000000010100001
010111110000000000000000000000000000000000000000000000000000000001001011000000000
0101110110010000000010111111101000111111111111111001011011001000000000000010110001
0110000100000010101111111111110011111111111111111001011011001000000000000001110001
0110101000001000010111111111101000111111111111111001011011001000000000000000110001
011011110000000000000000000000000000000000000000000000000000000000001011000000000
0110110011000000010010111111100111111111111111111001011011001000000000000000100001
011100110000000000000000000000000000000000000000000000000000000000001011000000000
0111000100000001011111111111101000001110000011111000000000000000000000001000010000
011100110000000000000000000000000000000000000000000000000000000000101100000000000
0111000110000001000011001111101000001110000011111001011011000111111111111000100001
011110110000000000000000000000000000000000000000000000000000000000101011000000000
0111101010000110010010111111101000111111111111111001011011001000000000000010010001
