0000000100000010010111111111101111111111111111111001011011001000000000000001000010
0000000100000010010111111111101110111111111111111001011011001000000000000011110010
000001110000000000000000000000000000000000000000000000000000000011101011000000000
0000011010000000011010111111100101011101111111111001011011001000000000000011100010
0000010100000010000111111111110010111111111111111001011011001000000000000001110010
000010110000000000000000000000000000000000000000000000000011111111101011000000000
0000100010100000000010111111100101111111111111111001011011001000000000000011110010
0000100100000010000111111111110010111111111111111001011011001000000000000001100010
000011110000000000000000000000000000000000000000000000000011111111101011000000000
0000110011110000000011110101100101000111111111111001011011001000000000000100000010
0000110100000010100111111111110000111111111111111001011011001000000000000011010010
000100110111111111111111111111111111111111111111111111111100000000001011000000000
0001000010100000000010111111100101111111111111111001011011001000000000000100010010
0001000100000010011111111111110011111111111111111001011011001000000000000010000010
000101110111111111111111111111111111111111111111111111111100000000001011000000000
0001010011110000000010110111000101111111111111111001011011001000000000000100100010
0001010100000010101111111111110001111111111111111001011011001000000000000011010010
000110110000000000000000000000000000000000000000000000000100000000001011000000000
0001100110000000000010111111100101111111111111111001011011001000000000000100110010
0001100100000000010111111111100110111111111111111001011011001000000000000010100010
0001111110000100000000111111111111111111111111111001011011001000000000000101000010
0001110100000010011111111111100111111111111111111001011011001000000000000010010010
001000110000000000000000000000000000000000000000000000000000000011001011000000000
0010001010001000011010111111100101111111111111111001011011001000000000000011000010
0010010110000000010000001111101000111111111111111001011011001000000000000011010010
0010010100000010100111111111110100111111111111111001011011001000000000000010100010
0010100110000000011000101111100111111111111111111001011011001000000000000011000010
001011110111111111111111111111111111111111111111111111111111101011001011000000000
0010110110010000011010111111100111111111111111111001011011001000000000000010110010
001100110000000000000000000000000000000000000000000000010010000000001011000000000
0011000110010010001010111111100101111111111111111001011011001000000000000100000010
0011010110000000000011111111100101111111111111111001011011001000000000000100010010
001110110000000000000000000000000000000000000000000000000000000001001011000000000
0011100110010000000010111111100101111111111111111001011011001000000000000100100010
0011100100000000001111111111110011111111111111111001011011001000000000000010110010
001111110000000000000000000000000000000101010101000010000011100001001011000000000
0011110110000001011000001111101000111111111111111001011011001000000000000100110010
0100001110000000011111111111101000111111111111111001011011001000000000000010110010
010001110111111111111111111111111111111111111111111111111111110101001011000000000
0100010110010000011010111111100101111111111111111001011011001000000000000010100010
010010110000000000000000000000000000000000000000000000000000100000001011000000000
0100100110000000000010111111101000111111111111111001011011001000000000000010110010
0100111110000000011111111111101000111111111111111001011011001000000000000010100010
010100110000000000000000000000000000000000000000000000000000000000001011000000000
0101000011000000010010111111100110111111111111111001011011001000000000000000110010
010101110000000000000000000000000000000000000000000000010010000000001011000000000
0101010110011000010010111111100111100011111111111001011011001000000000000000100010
010110110000000000000000000000000000000000000000000000000000000000001011000000000
0101100100000001011111111111100111001100000011111000000000000000000000001000010000
010110110000000000000000000000000000000000000000000000000000000000101100000000000
0101100110000001000011001111100111001100000011111001011011000111111111111000110010
011000110000000000000000000000000000000010110110010000000000000000001011000000000
0110000110000001011000111111101000111111111111111001011011001000000000000010100010
0110011110000000011111111111101000111111111111111001011011001000000000000010010010
011010110000000000000000000000000000000000000000000000000000000001001011000000000
0110100110000000011010111111100101111111111111111001011011001000000000000010000010
011011110000000000000000000000000000000010110110010000000000000000001011000000000
0110110110000001011000001111101000111111111111111001011011001000000000000010010010
0111001000000000010000011111100110111111111111111001011011001000000000000001000010
0111011000001000010111111111100111111111111111111001011011001000000000000000110010
011110110000000000000000000000000000000000000000000000000000000000001011000000000
0111100011000000001010111111100111111111111111111001011011001000000000000000100010
100000110000000000000000000000000000000000000000000000000000000010001011000000000
1000000110000001110010111111101000111111111111111001011011001000000000000010010010
100001110000000000000000000000000000000010110110010000000000000000001011000000000
1000010110000001011000101111101000111111111111111001011011001000000000000010000010
1000100110000000010000111111100111010000001111111001011011001000000000000001110010
100011110000000000000000000000000000000000000000000001101100000000001011000000000
1000110110010000010010111111100111111111111111111001011011001000000000000001100010
100100110000000000000000000000000000000000000000000000000000000000001011000000000
1001000100000001011111111111100111011110000011111000000000000000000000001001010000
1001000110000001000000011111100111011110000011111001011011000111111111111001110010
101010110000000000000000000000000000000000000000000000000000000011001011000000000
1010100110010010000010111111101000111111111111111001011011001000000000000001100010
