0000000100000010001111111111110100111111111111111010110110010000000000000000110001
0000010100000000011111111111110001111111111111111010110110010000000000000001100001
000010110000000000000000000000000000000000000000000000000000000001001011000000000
0000101010000110001010111111100101111111111111111010110110010000000000000000110001
000011110000000000000000000000000000000000000000000000000000000001001011000000000
0000110110010000000010111111100101001101111111111010110110010000000000000001000001
000100110000000000000000000000000000000101101011110100000011100001001011000000000
0001000110000001011000001111100110111111111111111010110110010000000000000001010001
0001010011110010010011100001100101111111111111111010110110010000000000000010000001
0001101110000000000111111111100101111111111111111010110110010000000000000010010001
0001111110000100000000111111111111111111111111111010110110010000000000000010100001
0010000100000000011111111111110011111111111111111010110110010000000000000001100001
0010010100000010011111111111101000111111111111111010110110010000000000000001010001
001011110000000000000000000000000000000101110001100000100011100001001011000000000
0010110110000001011000011111100101111111111111111010110110010000000000000001010001
0011000011110001111000000000100101111111111111111010110110010000000000000001100001
0011010011110000011000100000001000111111111111111010110110010000000000000001110001
001110110000000000000000000000000000000101001001101001000011100001001011000000000
0011100110000001011000111111100111000111111111111010110110010000000000000001100001
001111110000000000000000000000000000000011011000011011000000000000001011000000000
0011110110000001011000111111101000111111111111111010110110010000000000000010010001
0100000100000010101111111111101000111111111111111010110110010000000000000001010001
010010110000000000000000000000000000000000000000000000000000000000101011000000000
0100100011000000011010111111100101100101111111111010110110010000000000000000110001
0100111000000100011000001111100101111111111111111010110110010000000000000001000001
0101001000000100000000111111100101111111111111111010110110010000000000000001010001
0101011000001000000111111111101000111111111111111010110110010000000000000001100001
010110110000000000000000000000000000000000000000000000000000000001001011000000000
0101100110010000011010111111101000111111111111111010110110010000000000000001010001
010111110000000000000000000000000000000000000000000000000000000001001011000000000
0101110110010010100010111111101000111111111111111010110110010000000000000010000001
011001110000000000000000000000000000000000000000000000000000000000001011000000000
0110010100000001011111111111100101100000000011111000000000000000000000001000010000
011001110000000000000000000000000000000000000000000000000000000000101100000000000
0110010110000001000011001111100101100000000011111010110110001111111111111000100001
011010110000000000000000000000000000000000000000000000000000000001101011000000000
0110101000000000000010111111100101010000111111111010110110010000000000000000100001
011011110000000000000000000000000000000000000000000000000000000000001011000000000
0110110011000000000010111111101000111111111111111010110110010000000000000000110001
011100110000000000000000000000000000000000000000000000000000000001001011000000000
0111000011000010000010111111101000011101111111111010110110010000000000000001000001
011101110111111111111111111111111111111111111111111111111111111111101011000000000
0111010110000010001010111111100101111111111111111010110110010000000000000000110001
011110110000000000000000000000000000000000000000000000000000000000101011000000000
0111101010000100000010111111101000111111111111111010110110010000000000000001000001
