0000000100000010010111111111101110111111111111111010110110010000000000000001000010
0000000100000010010111111111101111111111111111111010110110010000000000000010110010
000001110000000000000000000000000000000000000000000000000000100101101011000000000
0000010110010000011010111111100101111111111111111010110110010000000000000010110010
0000010100000001111111111111110010111111111111111010110110010000000000000001100010
0000100110000000011000001111100101111111111111111010110110010000000000000011000010
0000100100000010001111111111110010111111111111111010110110010000000000000001110010
0000110110000000000000111111100101111111111111111010110110010000000000000011010010
0000110100000010100111111111110000111111111111111010110110010000000000000011000010
000100110000000000000000000000000000000000000000000000000000000011101011000000000
0001001010000100000010111111100101000111111111111010110110010000000000000011100010
0001000100000010011111111111110001111111111111111010110110010000000000000010010010
000101110000000000000000000000000000000000000000000000000111111111101011000000000
0001010010100000000010111111100101111111111111111010110110010000000000000011110010
0001010100000010011111111111100110111111111111111010110110010000000000000010000010
000110110000000000000000000000000000000000000000000000000111111111101011000000000
0001100011110000000011100101100101011111111111111010110110010000000000000100000010
000110110000000000000000000000000000000100011100000101000011100000001100000000000
0001100110000001100011111111100101111111111111111010110110010000000000000100010010
0001111110000100000000111111111111111111111111111010110110010000000000000100010010
0001111110000110000000001111111111111111111111111010110110010000000000000100100010
0010011110000000011111111111101000111111111111111010110110010000000000000010100010
001010110000000000000000000000000000000000000000000000000000100000001011000000000
0010100110000000011010111111101000111111111111111010110110010000000000000010110010
001011110000000000000000000000000000000000000000000000000000000111101011000000000
0010110110010000011010111111101000111111111111111010110110010000000000000011000010
001100110000000000000000000000000000000000000000000000010010000000001011000000000
0011000110010010000010111111100101111111111111111010110110010000000000000011010010
0011010110000000000100011111100101111111111111111010110110010000000000000011100010
0011010100000000001111111111110011111111111111111010110110010000000000000010010010
001110110000000000000000000000000000000000000000000000000000000001001011000000000
0011100110010000000010111111100101011101111111111010110110010000000000000011110010
001111110000000000000000000000000000000101001001101001000011100001001011000000000
0011110110000001011000001111101000111111111111111010110110010000000000000100000010
010001110000000000000000000000000000000010110110010000000000000000001011000000000
0100010110000001011000111111101000111111111111111010110110010000000000000010010010
010010110000000000000000000000000000000000000000000000000000010011001011000000000
0100100110010000011010111111101000111111111111111010110110010000000000000010100010
0100111110000000010111111111101000111111111111111010110110010000000000000010110010
010100110000000000000000000000000000000010110110010000000000000000001011000000000
0101000110000001011000101111100111111111111111111010110110010000000000000010100010
010101110000000000000000000000000000000000000000000000000000000010001011000000000
0101010110000001110010111111100111111111111111111010110110010000000000000010010010
011001110000000000000000000000000000000000000000000000000000000001001011000000000
0110010110000000011010111111101000111111111111111010110110010000000000000010000010
0110101110000000011111111111101000111111111111111010110110010000000000000010010010
100000110000000000000000000000000000000000000000000001101100000000001011000000000
1000000110010000011010111111100101111111111111111010110110010000000000000001100010
1000010110000000000000111111100101010000001111111010110110010000000000000001110010
100010110000000000000000000000000000000010110110010000000000000000001011000000000
1000100110000001011000001111101000111111111111111010110110010000000000000010000010
101000110000000000000000000000000000000000000000000000000000000000001011000000000
1010000100000001011111111111101000100000000011111000000000000000000000001001010000
1010000110000001000000111111101000100000000011111010110110001111111111111001110010
101001110000000000000000000000000000000000000000000000000000000011001011000000000
1010010110010001111010111111101000111111111111111010110110010000000000000001100010
1100001000000000011000101111101000111111111111111010110110010000000000000001000010
110001110000000000000000000000000000000000000000000000000000000000001011000000000
1100010011000000010010111111100111111111111111111010110110010000000000000000110010
110010110000000000000000000000000000000000000000000000010010000000001011000000000
1100100110011000011010111111100111100011111111111010110110010000000000000000100010
1110001000001000010111111111101000111111111111111010110110010000000000000000110010
111001110000000000000000000000000000000000000000000000000000000000001011000000000
1110010011000000010010111111100111111111111111111010110110010000000000000000100010
111010110000000000000000000000000000000000000000000000000000000000001011000000000
1110100100000001011111111111101000001110000011111000000000000000000000001000010000
111010110000000000000000000000000000000000000000000000000000000000101100000000000
1110100110000001000011001111101000001110000011111010110110001111111111111000110010
